ApplyEyeMakeup : 0.458646616541 0.663043478261 0.542222222222
Archery : 0.508474576271 0.526315789474 0.51724137931
BlowDryHair : 0.555555555556 0.546875 0.551181102362
BrushingTeeth : 0.426470588235 0.252173913043 0.31693989071
CricketBowling : 0.46 0.511111111111 0.484210526316
Haircut : 0.223529411765 0.452380952381 0.299212598425
HandstandWalking : 0.230769230769 0.11320754717 0.151898734177
JavelinThrow : 0.577777777778 0.553191489362 0.565217391304
PushUps : 0.594594594595 0.647058823529 0.619718309859
ShavingBeard : 0.369863013699 0.241071428571 0.291891891892
Shotput : 0.526315789474 0.5 0.512820512821
Swing : 0.568181818182 0.78125 0.657894736842
ThrowDiscus : 0.434210526316 0.868421052632 0.578947368421
