Archery : 0.508474576271 0.526315789474 0.51724137931
BlowDryHair : 0.555555555556 0.546875 0.551181102362
BrushingTeeth : 0.426470588235 0.252173913043 0.31693989071
CricketBowling : 0.46 0.511111111111 0.484210526316
CricketShot : 0.833333333333 0.487804878049 0.615384615385
FrontCrawl : 0.953488372093 0.585714285714 0.725663716814
Haircut : 0.223529411765 0.452380952381 0.299212598425
Hammering : 0.714285714286 0.25 0.37037037037
HammerThrow : 0.839285714286 0.573170731707 0.68115942029
HandstandWalking : 0.230769230769 0.11320754717 0.151898734177
HighJump : 0.763157894737 0.508771929825 0.610526315789
JavelinThrow : 0.577777777778 0.553191489362 0.565217391304
Lunges : 0.941176470588 0.484848484848 0.64
Nunchucks : 0.797101449275 0.518867924528 0.628571428571
PizzaTossing : 0.625 0.434782608696 0.512820512821
PlayingDaf : 0.983870967742 0.535087719298 0.693181818182
PullUps : 0.68 0.576271186441 0.623853211009
ShavingBeard : 0.369863013699 0.241071428571 0.291891891892
Shotput : 0.526315789474 0.5 0.512820512821
WallPushups : 0.736842105263 0.56 0.636363636364
YoYo : 0.733333333333 0.578947368421 0.647058823529
